{
  "model": "facebook/dinov2-small",
  "tag": "dinov2_small",
  "embed_dim": 384,
  "n_params_millions": 22.1,
  "device": "mps",
  "offline_load_ok": true,
  "model_load_s": 1.0,
  "process_rss_mb": 272.0,
  "mps_allocated_mb": 88.0,
  "n_instruments": 8,
  "crops_per_instrument": 15,
  "latency": [
    {
      "batch": 1,
      "total_ms": 9.2,
      "per_crop_ms": 9.2
    },
    {
      "batch": 4,
      "total_ms": 18.7,
      "per_crop_ms": 4.7
    },
    {
      "batch": 10,
      "total_ms": 37.8,
      "per_crop_ms": 3.8
    }
  ],
  "reid_by_gallery_size": [
    {
      "n_gallery": 3,
      "top1_8way": 0.825,
      "margin_self_minus_other_mean": 0.152,
      "frac_query_own_gallery_wins": 0.825
    },
    {
      "n_gallery": 5,
      "top1_8way": 0.86,
      "margin_self_minus_other_mean": 0.161,
      "frac_query_own_gallery_wins": 0.86
    },
    {
      "n_gallery": 8,
      "top1_8way": 0.875,
      "margin_self_minus_other_mean": 0.16,
      "frac_query_own_gallery_wins": 0.875
    }
  ],
  "most_similar_instrument_pairs": [
    [
      0.888,
      "instrument1",
      "instrument2"
    ],
    [
      0.829,
      "instrument3",
      "instrument6"
    ],
    [
      0.759,
      "instrument3",
      "instrument7"
    ],
    [
      0.683,
      "instrument6",
      "instrument7"
    ],
    [
      0.657,
      "instrument3",
      "instrument4"
    ]
  ],
  "least_similar_pair": [
    0.122,
    "instrument1",
    "instrument4"
  ],
  "rotation_flip": {
    "rot90": {
      "mean_cos_to_orig": 0.791,
      "min_cos_to_orig": 0.515,
      "still_correct_1nn": 0.979
    },
    "rot180": {
      "mean_cos_to_orig": 0.895,
      "min_cos_to_orig": 0.588,
      "still_correct_1nn": 1.0
    },
    "rot270": {
      "mean_cos_to_orig": 0.791,
      "min_cos_to_orig": 0.573,
      "still_correct_1nn": 1.0
    },
    "mirror": {
      "mean_cos_to_orig": 0.945,
      "min_cos_to_orig": 0.91,
      "still_correct_1nn": 1.0
    }
  },
  "gallery_aggregation_5views": {
    "nearest": 0.854,
    "mean": 0.883,
    "top3mean": 0.85
  },
  "sim8_matrix": [
    [
      1.0,
      0.888,
      0.46,
      0.122,
      0.416,
      0.399,
      0.481,
      0.651
    ],
    [
      0.888,
      1.0,
      0.403,
      0.136,
      0.336,
      0.394,
      0.356,
      0.504
    ],
    [
      0.46,
      0.403,
      1.0,
      0.657,
      0.558,
      0.829,
      0.759,
      0.533
    ],
    [
      0.122,
      0.136,
      0.657,
      1.0,
      0.305,
      0.637,
      0.52,
      0.148
    ],
    [
      0.416,
      0.336,
      0.558,
      0.305,
      1.0,
      0.49,
      0.505,
      0.428
    ],
    [
      0.399,
      0.394,
      0.829,
      0.637,
      0.49,
      1.0,
      0.683,
      0.451
    ],
    [
      0.481,
      0.356,
      0.759,
      0.52,
      0.505,
      0.683,
      1.0,
      0.502
    ],
    [
      0.651,
      0.504,
      0.533,
      0.148,
      0.428,
      0.451,
      0.502,
      1.0
    ]
  ],
  "sim8_labels": [
    "instrument1",
    "instrument2",
    "instrument3",
    "instrument4",
    "instrument5",
    "instrument6",
    "instrument7",
    "instrument8"
  ]
}